Title,Album,Artist,Duration (ms),Rating,Play Count,Removed,Playlist Index
"","","","0","0","8","Yes","24"
